Individual_Name	alaAT	amk1	amk2	apl1	apl2	apl3	apl4	asp1	asp2	asp3132	bass	betaCA	dic_1112	dic_2	dit1	dit2	nGroup_10776	nGroup_10860	nGroup_10951	nGroup_11253	nGroup_1213	nGroup_12443	nGroup_13658	nGroup_15299	nGroup_15311	nGroup_1537	nGroup_16142	nGroup_16157	nGroup_16219	nGroup_16321	nGroup_1706	nGroup_17974	nGroup_18355	nGroup_18627	nGroup_18875	nGroup_18890	nGroup_19153	nGroup_19342	nGroup_19417	nGroup_19448	nGroup_20351	nGroup_20409	nGroup_22334	nGroup_2238	nGroup_2241	nGroup_22620	nGroup_24195	nGroup_24434	nGroup_24488	nGroup_2489	nGroup_2917	nGroup_3000	nGroup_3058	nGroup_3292	nGroup_4237	nGroup_441	nGroup_6043	nGroup_6312	nGroup_6416	nGroup_7264	nGroup_7482	nGroup_7713	nGroup_796	nGroup_8489	nGroup_8998	nGroup_902	nGroup_9112	nadmdh	nadme1	nadme2	nadpmdh1	nadpmdh2	nadpme	nhd	pck	phyC	ppc1	ppc2	ppdk	ppt1	ppt2	rbcs	tdt
Alluaudia_procera_53	2	1	1	1	1	2	1	2	1	3	1	5	4	2	2	3	1	1	3	7	1	1	2	3	1	1	1	2	1	1	2	1	1	3	2	1	3	1	1	4	2	1	1	1	2	2	2	3	1	1	1	2	2	1	2	1	1	1	2	6	1	4	2	1	1	1	1	7	1	2	1	3	7	3	1	2	6	1	2	1	2	7	1
Amaranthus_hypochondriacus_tr	1	1	1	1	1	0	1	1	1	2	1	0	1	0	1	0	1	1	1	1	0	1	1	2	1	1	0	0	0	1	1	1	0	1	0	1	0	1	0	1	1	0	1	1	0	0	1	0	0	0	1	0	1	0	1	0	0	0	1	0	1	2	1	1	1	1	1	3	0	1	1	1	3	1	0	0	2	0	1	0	1	1	1
Anacampseros_coahuilensis_68	3	1	1	1	1	2	1	1	1	2	1	4	4	2	2	2	3	1	3	6	1	1	1	3	1	1	1	2	1	1	1	1	1	3	2	1	2	1	1	4	1	1	1	0	2	1	1	2	1	1	0	2	2	1	3	2	2	1	2	4	1	4	2	2	1	1	1	7	1	3	1	4	5	1	1	2	6	1	1	1	2	3	1
Anredera_baselloides_38	2	1	1	1	1	2	1	1	1	2	1	4	4	2	2	3	1	1	3	2	1	1	1	3	2	1	1	2	1	1	2	1	1	2	2	1	2	1	1	4	2	1	2	1	1	1	1	1	1	1	1	2	2	1	1	2	1	1	1	4	1	2	2	1	1	1	1	5	1	1	1	3	5	2	1	1	5	1	2	1	2	4	1
Arabidopsis_thaliana_cds	1	1	1	1	1	1	1	1	1	1	1	2	1	2	1	1	1	1	2	1	1	1	1	1	1	1	1	1	1	1	1	1	1	1	1	1	1	1	1	1	1	1	1	1	1	1	1	1	1	1	1	2	1	1	1	2	1	1	1	1	1	1	1	1	1	1	1	4	1	1	1	2	1	1	1	0	1	1	1	1	1	1	1
Beta_vulgaris_cds	1	0	0	1	1	0	1	1	1	2	1	2	1	1	1	1	1	1	1	1	1	1	1	2	1	1	1	0	1	1	1	1	1	1	1	1	1	1	1	1	1	1	1	1	1	1	1	1	1	1	1	1	1	1	1	0	1	1	1	2	1	1	1	1	1	1	1	4	1	1	1	1	2	1	1	1	2	1	0	0	1	1	1
Boerhavia_coccinea_tr	1	1	1	1	0	0	1	1	1	2	1	1	1	0	1	1	1	1	0	1	0	0	0	1	0	1	0	0	1	1	1	0	0	0	0	0	1	0	1	1	1	0	1	1	1	1	1	1	1	0	1	0	1	0	0	1	0	1	0	1	1	1	0	1	0	1	1	4	1	1	1	1	2	1	0	0	1	1	1	1	1	1	1
Calandrinia_affious_145	1	0	1	1	1	0	1	1	1	2	1	3	4	0	1	1	2	1	2	7	1	1	3	0	2	2	1	2	1	1	2	1	1	2	2	1	2	1	2	4	2	1	1	1	2	2	2	2	1	1	1	2	2	1	2	2	2	0	2	2	1	3	3	1	1	1	1	6	1	1	1	3	5	2	1	1	3	1	1	1	2	3	1
Calandrinia_arenicola_90	2	2	1	1	1	2	1	2	1	2	0	4	6	1	2	1	2	1	2	4	1	1	1	1	3	1	2	2	1	2	2	1	1	4	2	1	3	1	2	6	2	1	2	2	2	2	2	1	1	2	1	3	3	1	2	3	2	2	2	3	1	6	0	1	1	1	1	8	1	2	1	4	4	2	1	2	5	1	1	1	1	4	1
Calandrinia_baccata_38	2	2	1	0	1	2	1	2	1	2	0	3	4	2	1	1	2	0	1	3	0	1	2	0	1	1	2	2	1	1	2	1	1	3	0	0	2	1	1	6	2	1	2	1	1	1	2	0	1	1	1	1	1	1	0	2	2	1	2	4	1	2	1	1	1	1	1	6	1	2	1	3	2	2	0	1	4	1	0	0	2	2	0
Calandrinia_baccata_46	0	1	0	0	0	0	0	0	0	2	0	0	0	0	0	0	1	0	0	1	0	0	0	1	0	0	0	0	0	0	0	0	0	0	0	0	0	1	0	2	0	0	0	0	0	0	0	0	0	0	0	0	0	0	0	0	0	0	0	0	0	0	0	0	0	0	0	0	0	0	0	0	2	1	0	0	3	0	0	0	0	0	0
Calandrinia_balonensis_57	2	2	1	1	1	2	1	3	2	2	0	4	6	1	1	2	3	1	5	5	2	1	3	2	2	2	2	2	1	2	3	1	1	5	2	1	2	1	2	6	2	1	1	2	3	2	1	1	1	1	1	3	2	1	2	3	2	2	4	3	0	6	1	1	1	1	1	8	1	3	1	4	5	3	2	2	4	1	1	1	1	7	0
Calandrinia_brevipedata_9	2	2	1	1	1	2	1	1	1	2	2	4	5	2	1	2	3	1	3	4	1	1	2	0	2	2	2	2	1	1	4	1	1	4	3	1	3	1	1	6	2	1	1	1	3	2	2	1	1	2	0	2	2	1	1	3	3	2	2	3	1	4	0	1	1	1	1	7	1	2	1	4	6	2	1	2	4	1	1	1	1	4	1
Calandrinia_butcherensis_58	2	1	1	1	1	2	1	1	1	2	1	4	4	1	2	1	3	1	2	3	2	1	2	1	2	2	2	2	1	2	2	1	1	4	1	1	2	1	2	6	2	1	1	1	2	1	2	0	1	1	3	2	2	1	1	3	2	1	2	4	1	6	0	1	1	1	1	6	1	2	1	3	5	4	1	2	4	1	1	1	2	2	0
Calandrinia_calyptrata_185	2	1	1	1	1	2	1	3	1	2	2	4	5	1	2	1	3	1	4	3	2	1	2	1	2	2	2	2	1	2	2	1	1	3	1	1	2	1	2	6	2	1	2	2	2	1	2	1	1	1	1	3	3	1	2	3	3	2	2	4	1	3	3	1	1	1	1	7	1	2	1	4	5	3	1	1	4	1	1	1	2	4	1
Calandrinia_calyptrata_188	1	0	1	1	1	0	1	1	1	2	2	3	2	0	1	1	1	1	3	2	1	1	2	2	0	1	1	2	1	1	2	1	1	1	0	1	1	1	0	4	2	1	1	1	0	0	1	1	1	1	1	1	0	1	0	0	2	1	2	3	1	3	1	1	1	1	1	6	1	0	1	2	2	3	1	2	3	0	1	0	1	2	0
Calandrinia_ciliata_2014	2	2	1	2	0	5	1	2	1	1	1	3	4	0	1	1	1	1	4	8	1	1	6	1	7	4	2	6	0	1	2	0	1	4	7	1	6	1	4	7	5	2	3	1	3	2	2	2	1	1	1	1	6	0	5	1	5	1	7	9	1	8	3	2	1	1	1	5	1	5	1	7	4	2	0	5	4	2	3	1	0	5	1
Calandrinia_ciliata_215	3	0	1	1	1	5	1	1	1	2	1	4	2	0	2	2	4	1	5	5	2	1	4	4	10	2	2	3	1	1	2	2	1	4	8	1	4	1	3	7	1	1	3	1	3	2	2	2	1	1	1	1	4	1	2	2	7	1	6	6	1	4	3	1	1	1	1	6	1	3	1	6	3	4	1	3	5	1	2	1	2	5	1
Calandrinia_ciliata_216	2	1	1	1	1	3	2	1	1	2	1	4	5	1	3	2	4	1	6	6	0	1	2	4	6	2	2	4	1	1	2	1	1	5	9	1	5	2	3	5	6	2	4	1	4	2	3	4	1	1	2	2	5	1	4	2	5	2	4	5	1	3	2	1	1	0	1	7	1	4	1	2	5	3	2	3	4	1	1	1	1	5	1
Calandrinia_colchagensis_146	2	1	1	1	1	1	1	1	1	2	1	3	4	2	1	1	2	1	2	7	1	1	2	0	1	1	1	2	1	1	2	1	1	2	2	1	2	1	1	4	2	0	2	1	1	2	1	2	1	1	1	2	2	1	2	2	1	1	3	3	1	2	3	1	1	1	1	6	1	2	1	3	5	2	1	2	4	1	1	1	2	4	1
Calandrinia_compressa_144	2	2	1	1	1	2	1	1	1	2	1	3	4	1	1	2	2	1	4	7	1	1	4	0	2	2	1	3	1	1	2	1	1	5	5	2	2	1	3	5	2	1	2	1	2	2	2	2	1	1	1	2	2	1	2	2	2	2	2	4	1	5	4	1	1	1	1	7	1	3	1	4	5	2	1	2	5	1	1	1	1	4	1
Calandrinia_corrigioloides_49C	1	0	1	0	1	0	1	1	1	2	1	2	3	0	0	0	2	0	2	3	1	1	1	0	0	1	0	0	1	1	1	1	1	2	2	1	0	1	2	4	1	1	1	0	0	1	2	0	0	0	0	0	1	1	1	2	0	1	2	2	1	3	0	1	1	0	1	8	1	2	0	3	4	2	1	2	3	0	0	0	0	0	0
Calandrinia_corrigioloides_98	2	2	1	1	1	2	1	2	1	2	2	4	5	3	3	2	2	1	4	4	1	1	3	1	3	2	2	2	1	2	3	1	1	4	3	1	2	1	0	6	2	1	2	1	3	2	2	2	1	2	2	3	2	1	1	3	3	2	2	5	1	5	1	1	1	1	1	9	1	2	1	4	5	2	1	1	4	1	1	1	2	4	1
Calandrinia_creethae_39	3	3	1	1	1	2	1	2	1	2	2	4	7	2	2	3	2	1	3	4	1	1	3	1	2	2	2	2	1	2	3	1	1	5	3	1	2	1	1	7	2	1	2	2	2	1	2	1	1	1	1	3	3	1	2	3	2	2	2	5	1	8	0	1	1	1	1	7	1	3	1	4	5	2	1	1	4	0	1	1	2	7	1
Calandrinia_crispisepala_21	2	1	1	1	1	2	1	1	1	1	1	3	5	0	1	1	1	1	2	5	1	1	2	1	1	1	1	2	1	1	2	1	1	2	1	1	2	1	1	6	2	1	1	2	0	1	1	1	1	1	0	1	2	1	1	2	1	2	1	3	2	2	1	1	1	0	1	6	1	2	1	3	5	3	1	1	4	1	1	1	1	3	1
Calandrinia_disperma_194	2	1	1	1	1	2	1	1	1	2	2	3	5	0	1	1	2	1	3	5	1	1	3	1	2	3	2	2	1	2	3	1	1	4	3	1	2	1	1	6	2	1	2	1	3	2	2	2	1	1	2	2	2	1	1	2	2	1	2	3	1	4	2	1	1	1	1	8	1	2	1	4	6	2	1	1	3	1	1	1	3	3	1
Calandrinia_disperma_22	2	2	1	1	1	2	1	1	2	2	2	3	6	3	2	1	2	1	4	4	1	1	3	1	2	2	2	2	1	2	3	1	1	4	2	1	2	1	1	6	2	1	2	1	2	2	2	2	1	1	2	1	2	1	1	2	3	2	2	4	1	5	0	1	1	1	1	8	1	2	1	4	6	2	1	2	4	1	1	1	2	4	1
Calandrinia_eremaea_perennial_7	2	2	1	1	1	2	1	1	1	2	1	4	5	2	2	1	3	1	4	3	2	1	3	2	2	2	2	2	1	2	3	1	1	4	1	1	2	1	2	5	2	1	2	2	2	1	3	1	1	1	2	3	3	1	2	3	3	1	2	4	1	4	0	1	1	1	1	7	1	2	1	4	5	4	1	2	5	1	1	1	2	4	1
Calandrinia_eremaea_ss_33	2	2	1	1	1	2	1	2	1	2	2	4	5	2	1	1	3	1	4	3	2	1	3	2	2	2	2	2	1	3	2	1	1	4	1	1	2	1	1	5	2	1	2	2	2	1	3	1	1	1	1	3	3	1	1	3	3	2	2	4	1	4	0	1	1	0	1	8	1	2	1	5	5	3	1	2	4	1	1	1	2	4	1
Calandrinia_eremea_nonpapillate_139	1	2	1	1	1	2	1	2	2	2	1	4	5	2	1	1	3	1	4	3	1	1	3	2	2	2	2	2	1	3	2	1	1	4	1	1	2	1	2	6	2	1	2	1	2	1	2	1	1	1	1	1	3	1	1	2	2	1	2	4	1	5	2	1	1	1	1	8	1	2	1	5	5	3	2	1	4	1	1	0	2	1	1
Calandrinia_eremea_salt_flat_130	1	2	1	1	1	2	1	1	2	2	2	3	4	1	1	1	3	1	1	3	1	1	2	1	2	1	0	2	1	2	2	1	1	3	1	1	2	1	1	5	2	1	1	1	0	1	1	1	1	0	1	1	1	1	1	1	2	1	2	2	1	2	0	1	1	1	1	8	1	2	1	4	2	3	2	1	4	1	1	0	2	3	0
Calandrinia_flava_79	2	2	1	1	1	1	1	2	1	2	2	4	5	0	1	0	3	1	3	3	2	1	2	2	2	2	1	2	1	2	3	1	1	6	1	1	2	1	2	3	2	1	2	2	2	2	3	1	1	1	2	2	2	1	1	2	3	1	2	4	1	6	0	1	1	1	1	6	1	3	1	4	5	5	1	1	3	1	1	1	1	3	1
Calandrinia_gracilis_176	4	1	1	1	1	1	1	2	1	2	1	5	7	2	2	1	2	1	4	5	1	1	2	4	5	2	3	3	1	1	5	2	1	9	2	1	4	2	2	4	1	1	2	1	3	1	2	1	1	1	1	3	4	1	3	3	1	2	5	6	1	4	2	1	1	1	2	6	2	3	1	4	4	1	2	3	7	1	1	1	3	5	1
Calandrinia_granulifera_50D	3	2	1	1	1	4	2	2	1	2	2	4	5	2	3	1	2	1	3	2	1	2	5	1	5	3	1	3	1	1	3	1	1	8	4	1	4	1	2	6	2	1	2	2	5	1	2	3	1	1	3	2	5	1	3	1	3	2	6	5	3	4	3	1	1	0	2	6	1	3	1	4	4	3	1	3	4	1	0	1	5	4	2
Calandrinia_hortiorum_191	2	1	1	1	1	2	1	2	1	2	1	4	5	0	1	0	3	1	2	3	2	1	2	0	1	2	2	2	1	2	3	1	1	4	1	1	2	1	2	6	2	1	2	1	2	1	3	0	1	1	1	1	2	1	1	3	3	1	3	4	1	4	2	1	1	1	1	7	1	2	1	4	4	4	1	2	4	1	1	1	2	3	1
Calandrinia_kalanniensis_8	1	1	1	1	1	1	1	1	1	1	1	2	5	1	1	2	2	1	2	5	1	1	3	1	2	1	1	2	1	1	2	1	1	4	2	1	1	1	1	5	2	1	2	1	1	1	1	1	1	1	1	1	2	1	2	2	2	1	1	4	1	3	0	1	1	1	1	4	1	2	1	4	3	3	1	1	4	1	1	1	1	2	1
Calandrinia_lehmannii_35	0	0	0	1	0	1	1	0	1	2	1	1	3	0	1	0	1	1	0	2	0	1	1	3	2	1	1	0	1	1	2	0	1	4	3	1	1	1	1	3	1	0	1	1	1	0	2	1	0	0	1	1	0	1	1	0	1	0	1	3	0	3	2	1	0	0	1	5	1	3	1	4	2	1	1	1	3	0	0	1	1	0	0
Calandrinia_linliflora_109	0	1	1	1	1	2	1	1	2	2	2	2	4	1	1	0	2	1	3	4	1	1	3	0	1	0	1	2	1	1	2	1	1	3	2	1	1	1	2	6	2	1	2	0	2	1	2	2	1	2	2	1	2	1	1	2	1	2	2	4	1	3	0	1	1	1	1	7	1	2	1	4	4	2	1	1	4	1	1	1	3	4	1
Calandrinia_mirabilis_85	2	1	1	1	1	2	1	2	2	2	2	3	7	2	3	1	2	1	3	4	1	1	2	1	5	1	3	2	1	1	3	1	1	9	4	1	3	1	1	6	2	1	3	1	2	1	2	2	1	1	1	3	3	1	3	3	2	2	2	4	1	8	1	1	1	1	1	6	1	3	1	4	5	3	1	1	4	0	1	1	2	7	1
Calandrinia_monandra_143	1	1	1	1	1	2	1	1	1	2	1	3	4	2	2	1	2	1	2	3	1	1	1	2	2	1	1	2	1	1	2	1	1	2	3	1	2	1	2	4	2	1	1	1	2	2	2	2	1	1	1	2	2	1	2	2	2	1	3	3	1	5	2	1	1	1	1	6	1	2	1	3	5	2	1	2	4	1	1	1	1	3	1
Calandrinia_operata_32	2	0	1	1	1	2	1	2	1	2	1	4	5	1	0	0	3	1	3	3	2	1	2	0	1	1	1	2	1	1	2	1	1	4	1	1	2	1	1	5	2	1	1	1	1	1	2	1	1	1	1	1	2	1	1	3	2	1	2	3	1	5	0	1	1	1	1	6	1	2	1	4	5	3	2	2	3	1	1	0	1	2	0
Calandrinia_oraria_37	2	2	1	1	1	1	1	1	1	2	1	4	5	2	2	2	3	1	3	3	2	1	2	1	2	1	2	2	1	1	3	1	1	3	1	1	2	1	2	5	2	1	2	1	1	1	1	1	1	1	1	2	2	1	1	3	3	1	1	3	1	3	2	1	1	1	1	6	1	2	1	3	3	6	1	2	4	1	1	1	2	1	1
Calandrinia_painwaning_6	2	2	1	1	1	1	1	2	1	2	0	3	4	2	1	1	2	1	2	3	1	1	2	0	2	1	2	2	1	1	3	1	1	5	2	1	2	1	0	4	1	1	0	1	2	2	2	0	1	1	1	3	3	1	1	3	1	2	2	4	1	3	0	1	1	1	1	6	1	2	1	4	4	3	1	1	5	1	1	1	1	4	1
Calandrinia_papillata_30	1	1	1	1	1	1	1	2	1	2	1	4	3	0	0	0	2	1	0	1	0	1	1	0	3	1	2	0	1	0	2	1	1	3	1	1	0	1	1	2	2	1	0	0	1	1	2	1	1	1	0	1	2	1	2	1	2	0	2	1	1	2	0	1	1	1	1	4	1	2	1	2	4	2	0	2	3	0	1	0	0	1	0
Calandrinia_pentavalvis_178	1	2	1	1	1	2	1	2	1	2	0	4	5	0	0	1	2	1	2	4	1	1	1	0	3	2	2	2	1	2	2	1	1	4	2	1	3	1	2	6	2	1	1	1	2	1	2	1	1	1	1	2	3	1	2	3	1	1	2	3	1	4	1	1	1	1	1	6	1	3	1	4	4	2	1	1	4	1	1	1	3	4	1
Calandrinia_pickeringii_165	2	2	1	1	1	2	1	3	1	2	2	5	7	3	3	2	3	1	5	4	1	1	4	5	4	3	4	2	1	2	3	2	1	6	5	1	4	1	3	5	2	1	2	1	4	3	3	2	1	2	1	3	5	1	3	3	2	2	5	5	2	6	2	2	1	1	1	8	1	4	1	4	7	3	1	3	7	1	2	1	3	5	1
Calandrinia_pleiopetala_74	2	1	1	1	1	2	1	2	1	2	2	4	6	1	2	1	2	1	3	2	1	1	2	0	1	2	2	2	1	1	1	1	1	3	3	1	2	1	2	6	2	1	2	1	2	1	2	2	1	1	1	2	2	1	2	3	2	2	2	5	1	6	1	1	1	1	1	7	1	2	1	4	4	2	1	1	4	0	1	1	3	3	1
Calandrinia_polyandra_138	2	1	1	1	1	2	1	1	1	2	1	4	5	1	1	1	2	1	3	3	1	1	2	0	2	1	2	2	1	1	2	1	1	3	0	1	2	1	2	4	2	1	2	1	1	1	1	0	1	1	1	2	2	1	0	3	2	1	2	3	1	3	1	1	1	1	1	6	1	2	1	3	2	5	1	2	4	1	1	0	2	1	1
Calandrinia_polyandra_34C	0	1	1	1	1	2	1	1	1	2	0	3	4	0	1	2	2	1	2	3	2	1	2	0	1	2	1	0	1	2	1	1	1	1	1	1	1	1	2	6	2	1	2	1	1	1	3	1	1	1	1	1	1	1	1	3	2	1	2	3	1	1	0	1	1	0	1	6	1	2	1	3	3	2	1	2	5	1	1	1	2	2	1
Calandrinia_polypetala_152	2	0	1	1	1	1	1	2	1	2	1	3	4	0	2	1	2	1	3	3	1	1	2	0	2	0	1	2	1	1	2	1	1	4	1	1	2	1	2	5	2	1	1	2	1	1	2	1	1	1	1	2	3	1	1	2	2	1	2	4	1	2	1	1	1	1	1	6	1	2	1	4	4	3	1	1	4	1	1	1	3	3	1
Calandrinia_porifera_36	4	5	1	1	1	3	1	2	2	2	3	5	8	2	3	5	3	1	4	3	1	1	6	1	4	3	4	4	1	5	5	1	1	8	3	1	3	1	2	13	3	1	4	2	5	1	2	2	1	3	2	6	5	1	3	5	3	2	3	7	1	11	0	2	2	2	1	12	1	3	1	7	8	3	2	4	4	1	1	1	1	8	1
Calandrinia_primuliflora_110	1	0	1	1	1	1	1	1	1	2	1	3	5	1	1	2	2	1	1	4	1	1	1	1	2	1	1	2	1	1	2	1	1	4	2	1	2	1	1	5	2	1	1	1	1	1	1	2	1	1	1	2	1	1	2	1	2	1	1	4	1	4	1	1	1	1	1	5	1	2	1	4	4	3	1	1	5	1	1	0	2	3	0
Calandrinia_primuliflora_160	2	1	1	1	1	2	1	1	1	2	1	3	4	1	1	3	2	1	5	5	1	1	4	3	3	1	2	2	2	1	4	1	1	3	3	1	4	1	2	5	2	0	3	2	2	2	2	3	1	1	1	2	3	1	3	2	3	1	4	5	1	4	2	1	1	1	1	6	1	3	1	4	1	3	1	3	5	1	0	1	2	4	1
Calandrinia_ptychosperma_166	2	2	1	1	1	3	1	4	1	2	2	5	6	2	2	1	2	2	4	6	1	1	4	3	5	3	5	3	1	2	4	1	2	7	5	1	6	1	3	7	2	2	4	2	4	2	3	2	1	3	2	4	6	1	3	4	2	2	7	4	1	7	2	1	1	1	1	11	2	4	1	5	6	4	1	3	4	1	1	1	3	5	1
Calandrinia_ptychosperma_5	2	2	1	1	1	2	1	4	1	2	2	4	6	1	2	2	2	1	3	3	1	1	2	1	3	2	3	2	1	2	2	1	1	3	2	1	3	1	2	6	2	1	1	2	2	2	2	1	1	1	1	3	3	1	2	3	2	2	2	3	1	7	0	1	1	1	1	8	1	3	1	4	4	3	1	2	4	1	1	1	2	4	1
Calandrinia_pumila_60	2	2	1	1	1	2	1	3	1	2	1	4	6	1	2	1	2	1	1	4	1	1	2	3	1	1	1	2	1	1	2	1	1	5	2	1	2	1	1	4	2	1	2	1	2	1	3	5	1	1	1	3	0	1	1	2	2	1	2	4	1	3	2	1	1	1	1	5	1	3	1	4	4	2	1	1	3	0	1	1	2	3	1
Calandrinia_pumila_75	2	2	1	1	2	2	1	2	1	2	1	5	6	1	2	1	1	1	4	3	1	1	2	0	2	2	1	1	1	1	2	1	1	5	1	1	2	1	2	5	2	1	2	1	2	2	3	4	1	1	1	3	3	1	2	3	2	2	2	5	2	4	0	1	2	1	1	4	1	3	1	4	6	2	1	2	5	0	1	1	2	5	1
Calandrinia_quadrivalvis_121	1	1	1	0	1	1	1	2	1	2	1	3	4	0	0	1	2	1	3	4	1	1	1	0	2	1	2	2	1	1	3	1	1	4	1	0	2	1	1	5	1	1	1	1	2	1	1	1	1	1	1	1	1	1	2	3	1	1	1	3	1	3	1	1	1	1	1	7	1	3	1	3	3	1	1	2	4	1	1	1	3	2	0
Calandrinia_quadrivalvis_26	2	1	1	1	1	2	1	2	1	2	2	5	7	1	1	1	2	1	2	3	1	1	2	0	1	2	2	1	1	1	3	1	1	5	2	1	2	1	2	6	2	1	1	0	2	1	2	0	1	1	1	1	1	1	1	3	2	1	2	4	1	4	0	1	1	1	1	6	1	2	1	4	4	2	1	1	3	0	1	1	1	4	1
Calandrinia_remota_154	0	0	0	0	0	0	0	1	0	0	0	0	3	0	0	0	1	0	0	2	0	0	1	0	0	0	0	0	1	0	0	0	1	0	0	0	0	1	1	2	0	1	0	1	0	1	1	0	0	0	1	0	0	1	0	2	0	0	1	3	0	0	1	2	0	0	1	3	0	0	0	0	0	0	0	1	3	0	0	1	0	0	0
Calandrinia_remota_ss_63	1	1	1	1	1	2	1	2	2	2	1	4	5	2	2	1	3	1	2	2	2	1	2	1	2	2	2	2	1	2	2	1	1	4	1	1	2	1	2	5	2	1	2	2	2	1	2	1	1	1	0	2	3	1	1	3	3	1	3	4	1	5	0	1	1	1	1	8	1	2	1	3	5	5	1	1	5	1	1	1	1	2	1
Calandrinia_reticulata_149	2	2	1	1	1	2	1	1	1	2	2	3	6	3	2	2	2	1	4	6	1	1	3	0	2	2	2	2	1	2	4	1	1	4	2	1	2	1	2	7	2	1	2	1	2	1	3	1	1	2	2	3	3	2	2	4	2	2	4	4	2	6	2	1	1	1	1	10	1	3	1	4	5	2	1	1	3	1	1	1	3	7	1
Calandrinia_reticulata_53	2	2	1	1	1	2	1	1	1	2	2	4	6	3	1	2	3	1	4	5	1	1	4	0	2	1	2	2	1	2	4	1	1	5	2	1	2	1	2	6	2	0	2	1	2	1	2	1	1	1	2	3	3	1	2	3	2	2	3	4	2	5	1	1	1	1	1	10	1	3	1	3	5	2	1	1	3	1	1	1	3	7	1
Calandrinia_rubrisabulosa_34	2	1	1	1	1	2	1	2	2	2	1	4	5	1	2	1	2	1	1	3	2	1	2	1	2	1	2	2	1	1	2	1	1	4	1	1	2	1	2	6	2	1	1	1	0	1	1	0	1	1	1	1	1	1	1	3	2	1	2	2	1	5	0	1	1	1	1	6	1	2	1	3	4	2	1	1	5	1	1	1	1	1	1
Calandrinia_schistorhiza_31	1	1	1	1	1	2	1	1	1	2	0	1	6	1	1	1	2	1	1	5	1	1	3	1	2	1	1	2	1	1	2	1	1	3	2	1	1	1	1	6	2	1	1	1	1	1	1	1	1	1	1	1	2	1	1	2	2	0	1	3	0	3	1	1	1	1	1	6	1	2	1	4	2	3	1	2	4	1	1	1	2	2	0
Calandrinia_sculpta_11	2	1	1	1	1	2	1	2	1	2	2	4	5	1	2	2	2	1	2	3	2	1	2	1	2	2	2	2	1	2	3	1	1	4	1	1	2	1	1	6	2	1	2	1	2	1	2	0	1	1	2	2	3	1	1	3	3	1	3	3	1	4	1	1	1	1	1	7	1	2	1	4	5	4	1	1	4	1	1	1	2	3	1
Calandrinia_skottsbergi_222	1	1	1	1	1	3	1	1	1	2	0	0	5	2	2	2	4	0	4	6	1	1	2	1	5	2	3	3	1	2	2	1	1	3	5	1	1	2	3	3	0	1	1	1	2	1	1	2	1	1	2	2	4	1	2	4	3	1	6	4	1	1	3	1	2	1	2	6	1	3	1	2	5	0	1	2	6	1	1	1	1	2	1
Calandrinia_sp_220	2	1	1	1	1	2	1	1	1	3	1	3	5	2	3	1	5	1	3	7	2	1	4	2	5	3	3	4	1	1	1	1	1	3	7	1	5	2	2	5	3	2	2	0	3	1	2	2	1	1	1	1	5	1	5	2	3	1	7	4	1	4	4	1	1	1	1	7	1	4	1	3	4	3	1	4	4	1	1	1	1	4	1
Calandrinia_sp_Black_Angular_Seeds_24	2	2	1	1	1	2	1	2	1	2	2	4	4	1	1	1	2	1	3	4	1	1	3	0	2	2	1	2	1	1	3	1	1	6	1	1	2	1	1	5	2	1	2	1	1	1	3	1	1	1	1	3	2	1	1	3	2	2	3	4	1	4	0	1	1	1	1	5	1	3	1	4	4	3	1	2	4	1	1	1	1	4	1
Calandrinia_sp_Bungalbin_157	3	2	1	1	1	2	1	2	2	2	1	4	5	1	2	0	2	1	3	4	1	1	1	1	3	1	1	1	1	2	2	1	1	4	2	1	2	1	1	5	2	1	1	1	2	1	1	2	1	1	1	1	3	1	2	1	2	1	2	3	1	4	2	1	1	1	1	8	1	3	1	4	6	2	1	0	4	1	1	0	3	3	0
Calandrinia_sp_Goongarrie_37	0	0	0	0	0	0	1	0	1	2	1	1	4	0	1	1	1	0	1	3	1	1	1	0	0	1	0	0	1	1	1	1	1	4	0	1	0	1	1	2	2	1	1	0	0	0	1	0	1	1	2	0	2	1	1	0	2	1	1	0	0	2	0	1	0	0	0	3	1	2	0	3	3	2	0	1	4	0	0	0	1	2	0
Calandrinia_sp_Kenwick_48	3	2	1	1	1	1	1	1	1	2	2	4	5	2	2	1	2	1	2	3	1	1	2	0	2	2	1	2	1	1	2	1	1	5	2	1	2	1	1	6	2	1	2	2	2	1	2	3	1	1	1	3	3	1	1	3	2	2	3	5	2	4	0	1	1	1	1	5	1	2	1	4	4	3	1	1	4	1	1	1	2	4	1
Calandrinia_sp_Meckering_31	0	0	0	0	0	0	0	0	0	2	0	0	2	0	0	0	2	1	1	2	0	0	0	0	1	0	0	0	0	1	0	0	0	0	0	0	0	1	0	3	1	0	1	0	0	0	0	0	0	0	1	0	0	0	1	0	1	0	1	1	0	1	0	1	0	0	0	4	0	2	0	2	2	0	1	0	3	0	0	0	1	0	0
Calandrinia_sp_Needilup_31B	2	1	1	1	1	2	1	2	1	2	2	4	4	3	2	1	2	1	3	4	1	1	3	1	2	2	1	2	1	1	3	1	1	6	3	1	2	1	1	5	2	1	2	1	3	1	2	1	1	2	1	3	2	1	1	3	2	1	2	5	1	4	0	1	1	1	1	5	1	3	1	3	4	3	2	1	4	1	1	1	2	4	1
Calandrinia_sp_Oblong_103	0	0	0	0	1	0	0	0	0	1	0	1	1	0	0	0	0	0	0	1	0	0	0	0	0	0	0	0	0	0	1	0	0	0	0	0	0	0	0	0	0	0	0	0	0	0	0	0	0	0	0	0	0	0	0	0	0	1	0	0	0	1	0	1	0	0	0	0	0	0	1	0	2	0	0	0	0	0	0	0	0	0	0
Calandrinia_sp_Pink_Hills_27	0	1	1	1	1	1	1	1	1	2	1	4	6	3	2	1	1	1	3	4	1	1	2	1	1	1	1	2	1	2	3	1	1	4	1	1	3	1	1	5	1	2	2	1	1	3	3	1	1	1	2	3	3	1	2	2	1	2	3	5	2	6	2	1	1	1	1	6	1	3	1	4	4	2	1	1	4	1	1	1	3	3	1
Calandrinia_sp_Prince_Regent_156	2	2	1	1	1	2	1	2	1	2	1	4	6	2	2	1	2	1	3	3	1	1	1	0	2	3	2	2	1	1	3	1	1	3	2	1	2	1	1	4	1	1	1	1	2	2	2	1	1	1	1	2	3	1	2	3	2	2	2	4	1	4	1	1	1	1	1	6	1	2	1	3	4	1	1	2	4	1	1	1	3	2	1
Calandrinia_sp_Truncate_Capsules_118	2	2	1	1	1	2	1	2	1	2	2	4	6	2	3	1	2	1	3	4	1	1	2	1	2	3	2	2	1	2	3	1	1	4	3	1	2	1	2	6	2	0	2	1	3	2	2	2	1	2	1	3	2	1	1	3	3	2	2	5	1	4	2	1	1	1	1	8	1	2	1	3	6	2	1	2	4	1	1	1	3	4	1
Calandrinia_sp_Warrider_129	2	2	1	1	1	1	1	1	1	2	2	4	5	2	2	1	2	1	2	3	1	1	2	0	2	2	1	2	1	1	2	1	1	4	1	1	2	1	1	5	2	1	2	2	3	1	2	3	1	1	1	3	3	1	1	3	2	1	2	5	1	4	3	1	1	1	1	6	1	3	1	3	4	3	1	1	4	1	1	1	3	4	1
Calandrinia_spergularina_104	4	2	1	1	1	1	1	2	1	2	1	5	6	2	2	1	2	1	3	4	1	1	1	0	3	2	1	2	1	1	3	1	1	6	2	1	2	1	1	4	1	1	2	1	2	1	2	1	1	1	1	3	3	1	2	3	1	2	2	5	1	5	1	1	1	1	1	7	1	3	1	4	4	1	1	1	4	1	1	1	3	5	1
Calandrinia_stagnensis_101	2	2	1	1	1	1	1	2	1	2	2	3	6	1	1	2	2	1	2	4	1	1	2	0	1	2	2	2	1	1	2	1	1	4	3	1	2	1	1	6	2	1	1	1	1	2	2	2	1	1	1	2	2	1	2	2	2	1	2	5	1	6	1	1	1	1	1	8	1	2	1	4	4	2	1	2	4	1	1	0	3	4	1
Calandrinia_strophiolata_155	0	1	1	0	1	0	0	1	1	2	1	1	3	0	0	0	2	1	0	2	1	1	1	1	0	0	0	0	1	0	1	0	1	2	2	1	2	1	1	3	2	1	0	0	0	0	1	2	0	0	1	0	2	1	0	0	1	0	0	2	1	4	1	1	0	1	1	5	1	1	1	2	3	1	1	1	3	1	0	0	0	1	0
Calandrinia_tholliformis_29	0	1	1	1	1	2	1	1	1	2	1	4	4	0	2	0	2	1	3	3	2	1	1	0	2	1	2	2	1	2	3	1	1	4	0	1	2	1	1	6	2	1	1	1	1	1	3	1	1	1	1	0	2	1	2	2	2	1	2	3	1	5	0	1	1	1	1	6	1	2	1	4	5	3	1	1	4	1	1	0	1	3	0
Calandrinia_translucens_4	1	2	1	1	1	2	1	1	1	2	1	4	6	0	1	1	2	2	2	5	1	1	4	0	1	1	1	1	1	1	2	1	1	3	3	1	3	1	1	6	2	1	2	1	1	1	1	1	1	1	1	1	1	1	2	2	1	1	1	4	2	4	0	1	1	1	1	6	1	2	1	5	5	3	1	1	4	1	1	1	1	5	0
Calandrinia_translucens_99	2	3	1	1	1	2	1	1	1	2	1	3	6	1	1	1	2	2	4	5	1	1	5	1	0	1	1	2	1	1	3	1	1	4	3	1	3	1	2	6	2	1	2	1	1	1	3	0	1	1	1	1	2	1	2	2	2	1	2	5	2	4	0	1	1	0	1	6	1	2	1	5	5	3	1	1	4	1	1	1	2	5	1
Calandrinia_tumida_93	2	2	1	1	1	2	1	2	1	2	1	4	6	1	2	1	1	1	3	4	1	1	2	1	1	0	2	2	1	1	3	1	1	6	2	1	1	1	1	4	1	1	2	0	2	1	2	1	1	1	1	1	3	1	2	3	1	1	2	5	1	3	0	1	1	1	1	7	1	2	1	4	4	1	1	2	4	1	1	1	3	3	1
Calandrinia_umbelliformis_20	2	1	1	1	1	2	1	2	1	2	1	4	6	1	1	1	4	1	4	3	2	1	2	2	2	1	2	2	1	2	2	1	1	5	1	1	2	1	2	5	2	1	2	1	0	2	2	1	1	1	1	2	3	1	1	3	3	2	2	4	1	5	0	1	1	1	1	7	1	2	1	4	5	4	1	1	4	1	1	1	2	5	1
Calandrinia_uniflora_92	2	1	1	1	1	2	0	2	1	2	2	5	7	2	2	1	2	1	4	2	1	1	3	0	2	2	2	2	1	1	2	1	1	4	3	1	2	1	2	4	2	1	2	1	1	1	2	1	1	1	1	2	3	1	2	3	2	1	2	5	1	6	0	1	1	1	1	6	1	2	1	3	3	2	1	1	3	1	1	1	1	3	1
Calandrinia_vernicosa_23	2	2	1	1	1	2	1	3	1	2	0	4	5	2	1	1	1	1	2	3	1	1	3	1	2	2	1	2	1	2	2	1	1	4	1	1	2	1	0	6	2	1	1	1	0	1	2	1	1	1	2	2	2	1	1	2	2	1	2	4	1	5	0	1	1	0	1	5	1	1	1	4	4	3	1	1	5	1	1	1	2	3	0
Calyptridium_monospermum_108	5	2	1	1	1	1	2	3	3	2	1	8	6	1	6	4	2	0	4	11	3	1	7	9	9	3	2	4	1	2	3	0	1	6	7	1	7	0	0	8	7	1	1	2	3	1	1	7	1	2	1	3	4	1	3	3	5	3	9	10	2	10	3	2	2	1	2	6	1	2	1	3	8	4	3	3	6	1	0	1	0	6	1
Calyptridium_parryi_170	7	2	1	1	1	3	3	3	3	4	1	14	5	3	6	4	7	1	7	12	3	3	14	9	10	4	2	4	1	3	3	1	2	7	7	3	7	2	3	8	10	2	2	2	3	1	3	9	2	2	2	4	4	2	6	4	6	3	11	9	2	10	6	3	2	2	1	12	2	3	2	4	8	6	3	5	6	1	1	2	3	8	1
Calyptridium_umbellatum_193	6	2	1	1	1	3	1	2	2	3	1	14	8	2	5	4	2	1	3	5	3	2	4	8	3	2	1	4	1	1	4	1	1	6	5	4	7	1	2	6	7	1	2	2	4	2	2	7	1	2	1	4	3	1	5	3	4	1	5	4	2	9	3	2	2	2	1	11	2	4	1	4	9	4	3	2	4	1	1	1	2	6	1
Cistanthe_grandiflora_199	3	2	1	1	1	2	1	1	2	2	1	4	3	0	3	1	2	1	4	4	1	1	1	5	3	3	1	2	1	1	2	1	1	4	4	1	5	1	1	4	4	1	2	1	3	2	1	1	1	1	1	2	2	1	2	2	2	1	2	4	1	5	4	1	1	1	1	6	1	1	1	4	6	2	1	1	4	1	1	0	2	1	1
Cistanthe_paniculaeta_223	2	2	1	1	1	3	1	2	1	2	1	6	5	2	5	2	4	1	4	10	1	1	3	5	6	4	1	4	1	1	2	2	1	4	7	1	5	2	2	7	5	0	4	1	3	3	2	4	1	1	1	1	3	1	3	2	5	1	10	5	2	4	4	1	1	1	1	7	1	4	1	4	6	3	1	4	5	1	1	1	1	7	1
Cistanthe_sp_219	3	2	1	2	1	3	2	2	1	2	1	5	5	2	4	2	4	1	4	9	1	1	5	5	8	3	1	4	1	1	3	2	2	4	8	1	6	2	2	6	5	1	4	1	3	3	3	4	1	1	2	1	3	1	3	2	3	2	10	5	1	4	3	1	1	1	1	6	1	3	1	4	8	3	1	4	5	1	1	1	1	4	1
Claytonia_lanceolata_106	3	2	1	1	1	2	1	2	0	1	1	4	2	2	4	1	4	0	3	6	2	1	2	2	2	3	2	3	1	1	4	1	2	8	2	1	6	2	3	7	2	1	2	1	1	2	1	5	1	1	2	2	2	1	3	2	2	2	8	5	1	5	3	2	1	1	1	6	1	4	1	5	5	3	2	2	4	1	1	1	4	3	1
Claytonia_megarhiza_195	0	2	0	1	0	2	1	1	1	2	0	4	2	0	1	1	2	1	1	5	1	2	1	0	0	1	1	0	1	1	2	1	1	5	1	1	3	1	1	5	1	0	2	1	3	3	1	0	1	1	1	0	0	1	0	0	2	1	3	3	1	2	2	1	1	1	1	5	1	2	1	5	6	2	1	1	2	0	1	0	1	1	0
Claytonia_washingtoniana_26	2	2	1	1	1	0	1	1	1	2	1	4	2	0	1	0	2	1	1	4	2	2	2	2	2	3	1	2	1	0	3	1	1	8	1	1	6	1	1	5	2	1	2	1	3	2	1	3	1	1	1	2	2	1	2	2	2	2	4	4	1	4	3	1	1	1	1	4	1	4	1	4	5	3	1	1	1	1	1	1	2	3	0
Glycine_max_cds	1	1	1	1	1	1	1	2	1	1	1	2	1	2	1	1	1	1	1	0	0	1	1	0	1	1	1	1	1	1	1	1	1	1	1	1	1	1	1	2	1	1	1	1	1	1	1	1	1	1	1	1	1	1	1	1	1	1	1	1	1	1	1	1	1	1	1	4	1	1	1	2	1	1	2	0	0	1	1	1	1	1	1
Halophytum_ameghinoi_76	2	1	1	1	1	2	1	1	1	2	1	5	4	2	2	1	2	1	2	3	1	1	1	3	2	1	1	2	1	1	1	1	1	2	2	1	3	1	1	4	2	1	1	1	1	1	1	1	1	1	1	2	3	1	2	2	1	1	3	5	1	4	2	1	1	1	1	6	1	2	1	2	7	2	1	1	4	1	1	1	2	5	1
Lewisia_brachycalyx_16	3	1	0	1	1	1	1	1	2	2	1	4	3	0	3	0	2	1	1	4	1	1	1	0	2	2	1	0	1	0	1	1	1	2	2	1	2	1	1	6	1	1	1	1	1	1	2	2	1	1	1	2	2	1	2	1	0	1	2	5	1	3	0	1	1	1	1	6	1	2	1	4	4	2	1	1	5	1	1	0	2	2	1
Lewisia_congdonii_17	3	1	0	1	0	0	1	1	2	2	0	2	5	0	3	0	3	1	2	4	2	2	0	2	0	2	1	2	1	1	4	1	1	5	2	1	2	1	2	5	0	1	2	1	3	2	2	2	1	0	1	2	2	1	3	0	2	1	2	5	1	4	1	1	1	1	1	5	1	1	1	4	4	3	1	1	5	0	1	0	1	2	0
Lewisia_pygmaea_8	3	1	0	1	1	1	1	0	3	2	1	3	4	0	4	0	2	1	1	4	2	1	1	0	1	0	1	2	1	1	3	1	1	2	3	1	0	1	1	5	1	1	2	1	2	1	2	1	1	1	1	2	2	1	2	2	2	1	4	4	1	5	3	1	1	1	1	6	1	2	1	4	5	2	1	1	6	1	1	1	2	2	1
Lewisiopsis_tweedyi_4	2	1	1	1	1	2	1	1	1	2	1	4	4	0	1	1	2	1	2	4	1	1	2	2	4	1	1	2	1	1	2	1	1	2	3	1	2	1	1	3	2	2	1	1	2	2	1	0	1	1	1	2	0	1	2	2	2	1	3	3	1	4	1	1	1	1	1	6	1	2	1	3	4	2	1	1	4	1	1	0	2	1	1
Mesembryanthemum_crystallinum_tr	1	1	1	1	1	1	1	1	1	2	1	2	2	1	1	1	1	0	1	2	0	1	1	2	0	1	0	0	1	0	1	1	1	0	1	1	0	1	1	1	1	1	1	1	1	1	1	1	0	1	1	0	1	0	1	1	1	1	1	2	0	2	1	1	0	1	1	3	1	1	1	1	2	1	1	0	1	0	1	1	1	1	0
Mollugo_pentafilis_148	1	1	1	1	1	1	1	1	1	2	1	3	3	1	1	1	0	1	1	3	1	1	1	2	1	1	1	2	1	0	1	1	1	1	1	1	2	2	1	2	2	1	1	1	1	2	1	1	1	1	1	2	0	1	1	1	2	1	1	4	1	2	3	1	1	1	1	4	1	1	1	2	3	1	1	1	2	1	1	1	1	1	1
Mollugo_verticillata_56	1	1	1	1	1	1	1	1	1	2	1	3	3	1	2	2	1	1	3	0	1	1	1	2	1	1	1	1	1	0	1	1	1	1	1	1	4	1	1	2	1	1	2	1	1	1	2	1	1	1	1	2	0	1	2	1	1	1	1	3	1	3	2	1	0	1	1	6	1	1	1	2	4	1	2	1	2	1	2	1	1	8	1
Montia_parviflora_27	3	2	1	1	1	2	1	1	1	2	1	3	4	2	3	2	2	1	3	3	2	1	2	2	0	1	1	2	1	1	3	1	1	3	1	1	3	1	1	2	1	1	2	1	2	2	2	3	1	1	2	2	0	1	2	2	2	2	2	5	1	4	2	1	2	1	1	5	1	3	1	4	5	2	2	1	3	1	1	1	2	2	1
Montiopsis_gayana_224	2	2	0	1	1	3	1	2	2	2	1	4	5	2	4	1	4	1	6	9	1	2	5	5	7	2	1	5	1	1	2	1	1	4	7	2	6	1	2	4	4	1	2	1	1	2	2	1	1	1	2	2	2	1	5	2	4	1	7	5	1	5	13	2	2	1	2	9	1	4	1	5	5	4	2	4	5	1	1	1	1	6	1
Montiopsis_umbellata_225	2	2	1	1	1	4	1	2	2	2	1	4	5	2	4	2	3	1	5	9	1	1	4	3	5	2	1	6	1	1	3	1	1	4	7	1	4	2	1	4	5	1	2	1	3	2	2	3	1	1	2	2	1	1	5	2	4	1	8	5	1	3	14	1	1	1	1	5	1	3	2	5	5	3	1	4	3	1	1	1	1	6	1
Opuntia_subulata_208	2	1	1	1	1	2	1	2	1	2	1	3	5	2	2	3	3	1	3	5	1	1	2	3	1	1	1	2	1	1	1	1	1	2	3	1	3	1	1	3	1	1	2	1	1	1	2	1	1	1	1	2	2	1	2	2	2	1	2	4	1	4	2	1	1	1	1	5	1	2	1	4	7	2	1	1	1	1	2	1	2	7	1
Oryza_sativa_cds	2	1	1	1	0	1	1	1	1	1	1	0	3	1	1	1	2	1	1	0	0	1	1	1	0	1	0	1	1	1	2	1	1	1	1	1	1	1	1	0	1	1	0	1	0	1	1	1	1	1	1	0	0	1	1	0	0	0	1	1	1	1	0	1	1	0	1	2	1	1	1	2	1	1	1	0	0	1	1	0	0	1	1
Phemeranthus_brevicaulis_202	2	1	1	1	1	2	1	2	1	2	1	3	5	2	3	2	2	1	4	5	1	1	1	3	5	1	1	4	1	1	2	1	1	3	5	1	4	1	1	4	2	1	2	1	2	2	2	1	1	1	1	2	3	1	4	2	2	1	3	3	1	4	2	1	1	1	1	6	1	2	1	3	6	3	1	1	5	1	2	1	2	9	1
Phemeranthus_brevifolius_169	2	1	1	1	1	3	1	3	1	2	1	4	7	3	4	2	4	1	6	9	1	1	5	3	5	2	1	2	1	1	2	2	2	4	5	1	4	2	3	3	3	2	2	1	3	3	3	3	1	1	2	1	3	1	5	2	4	1	7	4	1	4	3	2	2	1	1	8	2	2	1	4	7	3	1	2	8	1	3	1	2	8	1
Phemeranthus_confertiflorus_4	0	0	0	0	0	0	0	0	1	0	0	0	3	0	1	0	1	1	0	2	1	0	0	1	1	0	1	0	1	0	1	1	0	1	0	0	0	1	1	2	0	1	2	0	2	2	0	0	0	0	1	0	0	0	1	0	0	0	2	0	0	0	2	1	1	0	0	5	1	1	1	0	1	0	0	1	3	1	0	0	0	1	0
Phemeranthus_longipes_6	2	1	1	1	1	3	1	2	1	2	1	4	5	2	4	2	2	1	4	9	0	1	4	2	6	2	1	4	1	1	2	1	1	4	5	1	4	2	1	4	2	1	2	1	3	2	2	1	1	1	1	2	3	1	4	2	3	1	6	4	1	4	2	1	1	1	1	7	1	2	1	3	8	4	1	2	5	1	2	1	2	8	1
Populus_trichocarpa_cds	1	1	1	1	1	1	1	2	1	1	0	2	1	2	1	1	1	1	1	0	1	1	1	1	1	1	1	1	1	1	1	1	1	1	0	1	1	1	1	1	1	1	1	1	1	1	1	1	1	1	1	1	1	1	1	2	1	1	1	1	1	1	1	1	1	1	1	5	1	1	1	2	1	1	2	0	0	1	1	1	1	1	1
Portulaca_cryptopetala_49	1	1	1	1	1	2	1	1	1	1	1	4	3	2	2	2	2	1	1	7	1	1	1	3	1	1	1	2	1	1	1	1	1	2	3	1	3	1	2	3	1	1	2	1	1	1	2	2	1	1	1	2	0	1	3	2	3	1	1	5	1	3	2	0	1	1	1	7	1	3	1	4	3	2	0	1	5	1	2	1	2	7	1
Rumicastrum_chamaecladum_123	2	1	1	1	1	1	1	2	2	2	1	2	5	3	3	2	3	1	5	5	1	1	4	1	4	2	4	4	1	2	4	1	1	6	4	1	4	1	2	6	2	2	2	1	4	2	3	4	1	3	2	2	3	1	2	3	3	2	5	6	1	5	3	1	1	1	1	9	1	3	1	4	7	2	1	3	5	1	1	1	3	4	1
Solanum_tuberosum_cds	0	0	0	0	0	0	0	0	1	0	0	0	1	0	0	0	1	0	0	2	1	1	1	1	1	1	0	1	0	1	1	0	0	1	0	0	1	0	1	1	1	1	1	1	1	1	1	1	1	1	1	1	0	0	1	0	0	1	0	0	1	1	1	0	1	1	0	1	1	1	0	1	0	0	0	0	0	1	0	0	0	0	0
Talinum_triangulare_50	2	1	1	1	1	1	1	1	1	2	1	5	5	0	2	3	2	1	3	6	1	1	2	3	1	1	1	2	1	1	1	1	1	2	2	1	3	1	1	3	1	1	2	1	1	2	1	2	1	1	1	2	1	1	2	2	3	1	2	5	1	4	2	1	1	1	1	7	1	2	1	3	7	2	1	2	6	1	2	1	2	6	1
Trianthema_portulacastrum_tr	1	1	1	1	0	1	1	1	1	2	1	1	3	0	1	0	1	1	0	2	0	1	1	2	0	1	0	0	1	0	1	0	0	1	0	1	1	0	1	1	1	1	1	1	1	0	1	0	1	1	1	1	1	1	0	0	0	0	1	2	1	2	1	1	0	1	0	3	1	1	1	1	2	1	0	0	2	1	1	1	1	1	0
Vitis_vinifera_cds	1	1	1	1	1	1	1	2	1	1	1	2	1	1	1	0	1	1	2	0	1	1	1	1	1	1	1	1	1	1	1	1	1	1	1	1	1	1	1	2	1	1	1	1	1	1	1	1	1	1	1	1	1	0	1	2	1	1	1	1	1	1	0	1	1	1	1	5	1	1	1	2	1	1	0	0	0	1	1	1	1	1	1
